query-id,year,ucla,ucd,ucl,ucsd,ucsf
1,2000,2713380,24016294,22206363,34866548,34181544
1,2001,15548692,24468349,27615555,38237498,38439573
1,2002,1120070,26810086,17746684,38749118,14933117
1,2003,1699285,17063825,2361290,6304242,39565093
1,2004,28575187,814819,38091447,1409733,32117403
1,2005,25097379,13440524,6041820,18701977,27575406
1,2006,26413649,804106,23378958,8239211,36111582
1,2007,16355562,2702924,29874038,14591750,29514329
1,2008,26187816,19787661,29346618,18760304,5774522
1,2009,20685318,14315553,5919471,18495814,6805558
1,2010,23903837,9143419,26409469,39085496,7073022
1,2011,34223863,15073958,4046171,35388786,26034993
1,2012,11691181,34135834,30741871,36741565,2007803
1,2013,13894589,10783814,8978854,3562474,33639473
1,2014,1217642,20492179,15935016,5817458,36427593
1,2015,533793,30554369,29978596,21224354,35013637
1,2016,20281160,3890432,12806993,21712745,21736445
2,2000,24173526,3401910,26263871,34983227,25860586
2,2001,38753976,9347557,15520852,1476242,3400862
2,2002,20771294,1100237,1183091,4070031,33713341
2,2003,10376351,28197442,16488009,17626469,24445052
2,2004,30228255,21447574,27646263,29490134,14113397
2,2005,38541205,23625384,1870991,7289006,37094858
2,2006,12099612,16815548,988164,33333176,37548190
2,2007,24019124,17852627,11221561,12301148,30521702
2,2008,24112663,28756574,34489312,26561733,27736027
2,2009,27325241,6425041,36839663,18450546,11300401
2,2010,14107631,4296976,22053493,15078265,13070117
2,2011,29570845,36424032,30241903,19471701,11720443
2,2012,14574769,24842435,35814561,28227444,1214670
2,2013,34886567,14865871,37413514,13724847,32591456
2,2014,16039753,12808428,35950582,358620,4362451
2,2015,20839693,20277901,13426004,2704827,28650214
2,2016,37662336,24853127,16149509,9765504,9829224
